world: 7a97b896-5a25-467b-bb95-c7a4e48254ca
world-name: world
x: 3695.7302799647664
y: 82.0
z: -3192.6636090399334
yaw: -61.190032958984375
pitch: 44.39897537231445
name: slime1
lastowner: 2c96a16f-5544-3bdf-b7db-023c97780151
