spawns:
  default:
    world: 84bce1b5-5ef9-4ca4-a4fe-39515d5cf8e3
    world-name: world
    x: 5234.008206841087
    y: 103.0
    z: -1474.887450835393
    yaw: 123.13175964355469
    pitch: 38.249610900878906
